polygonSides: 3
point: 34.6410161514 40
point: 34.6410161514 0
point: 0 20
value: 1
health: 1
moveSpeed: 3
shootDistance: 240
moveDistance: 200